1 Madrid 40.41669 -3.700346
2 Murcia 37.98344 -1.12989
3 Lleida 41.61415 0.6257825
4 Tarragona 41.11866 1.24533
5 Ceuta 35.88829 -5.316195
6 Melilla 35.29234 -2.938794
7 Badajoz 38.8786 -6.970284
8 Caceres 39.47618 -6.37076
9 Lugo 43.01208 -7.555851
10 Ourense 42.34001 -7.864641
11 Pontevedra 42.43362 -8.648053
12 Segovia 40.94943 -4.119209
13 Soria 41.7636 -2.464921
14 Valladolid 41.65295 -4.728388
15 Zamora 41.50368 -5.743778
16 Barcelona 41.38792 2.169919
17 Girona 41.9818 2.8237
18 Burgos 42.34087 -3.699731
19 Leon 42.59988 -5.571752
20 Palencia 42.01246 -4.531175
21 Coruña 43.37087 -8.395835
22 Oviedo 43.36026 -5.844759
23 Bilbao 43.25696 -2.923441
24 Eivissa 38.90886 1.432378
25 Salamanca 40.96497 -5.663047
26 Albacete 38.99765 -1.86007
27 CiudadReal 38.9861 -3.927263
28 Cuenca 40.07183 -2.134005
29 Guadalajara 40.62981 -3.166493
30 Toledo 39.85678 -4.024476
31 avila 40.65642 -4.700323
32 Granada 37.17649 -3.597929
33 Huelva 37.2571 -6.949555
34 Jaen 37.76574 -3.789518
35 Malaga 36.71965 -4.420019
36 Sevilla 37.38264 -5.996295
37 Huesca 42.1401 -0.408898
38 Teruel 40.34411 -1.10691
39 Almeria 36.84016 -2.467922
40 Zaragoza 41.65629 -0.8765379
41 Cadiz 36.52969 -6.292657
42 Cordoba 37.88473 -4.779152
43 Alicante 38.3452 -0.481006
44 Valencia 39.47024 -0.3768049
